111111100110000000000000100110000000000000100110000000000000000000000000000000000000000000000000000000000000000000000000
111111011110000000000000011110000000000000011110000000000000000000000000000000000000000000000000000000000000000000000000
111111101110000000000000101110000000000000101110000000000000000000000000000000000000000000000000000000000000000000000000
111111111000000000000000111000000000000000111000000000000000000000000000000000000000000000000000000000000000000000000000
100110000000000000011110000000000000101110000000000000111000000000000000000000000000000000000000000000000000000000000000
100110001010100000000000000000100110001010100000000000000000100110001010100000000000000000000000000000000000000000000000
100110001010010000000000000000100110001010010000000000000000100110001010010000000000000000000000000000000000000000000000
100110001010001000000000000000100110001010001000000000000000100110001010001000000000000000000000000000000000000000000000
100110001010011000000000000000100110001010011000000000000000100110001010011000000000000000000000000000000000000000000000
100110001010100000000000000000100110001010010000000000000000100110001010001000000000000000100110001010011000000000000000
011110001010100000000000000000011110001010100000000000000000011110001010100000000000000000000000000000000000000000000000
011110001010001000000000000000011110001010001000000000000000011110001010001000000000000000000000000000000000000000000000
011110001010011000000000000000011110001010011000000000000000011110001010011000000000000000000000000000000000000000000000
011110001010100000000000000000011110001010001000000000000000011110001010011000000000000000000000000000000000000000000000
101110001010100000000000000000101110001010100000000000000000101110001010100000000000000000000000000000000000000000000000
101110001010010000000000000000101110001010010000000000000000101110001010010000000000000000000000000000000000000000000000
101110001010001000000000000000101110001010001000000000000000101110001010001000000000000000000000000000000000000000000000
101110001010011000000000000000101110001010011000000000000000101110001010011000000000000000000000000000000000000000000000
101110001010100000000000000000101110001010010000000000000000101110001010001000000000000000101110001010011000000000000000
111000001010100000000000000000111000001010100000000000000000111000001010100000000000000000000000000000000000000000000000
111000001010010000000000000000111000001010010000000000000000111000001010010000000000000000000000000000000000000000000000
111000001010001000000000000000111000001010001000000000000000111000001010001000000000000000000000000000000000000000000000
111000001010011000000000000000111000001010011000000000000000111000001010011000000000000000000000000000000000000000000000
111000001010100000000000000000111000001010010000000000000000111000001010001000000000000000111000001010011000000000000000
111000001010001000110000001010000000000000111000001010001000110000001010000000000000000000000000000000000000000000000000
100110001010011000101100001010100000000000000000100110001010011000101100001010100000000000000000000000000000000000000000