111111100000000000000000111111100000000000000000111111100000000000000000111111100000000000000000111111100000000000000000 1
111111010000000000000000111111010000000000000000111111010000000000000000111111010000000000000000111111010000000000000000 2
111111001000000000000000111111001000000000000000111111001000000000000000111111001000000000000000111111001000000000000000 3
111111000100000000000000111111000100000000000000111111000100000000000000111111000100000000000000111111000100000000000000 4
111111000010000000000000111111000010000000000000111111000010000000000000111111000010000000000000111111000010000000000000 5
111111000001000000000000111111000001000000000000111111000001000000000000111111000001000000000000111111000001000000000000 6
111111110000000000000000111111110000000000000000111111110000000000000000111111110000000000000000111111110000000000000000 12
111111101000000000000000111111101000000000000000111111101000000000000000111111101000000000000000111111101000000000000000 13
111111100100000000000000111111100100000000000000111111100100000000000000111111100100000000000000111111100100000000000000 14
111111100010000000000000111111100010000000000000111111100010000000000000111111100010000000000000111111100010000000000000 15
111111100001000000000000111111100001000000000000111111100001000000000000111111100001000000000000111111100001000000000000 16
111111011000000000000000111111011000000000000000111111011000000000000000111111011000000000000000111111011000000000000000 23
111111010100000000000000111111010100000000000000111111010100000000000000111111010100000000000000111111010100000000000000 24
111111010010000000000000111111010010000000000000111111010010000000000000111111010010000000000000111111010010000000000000 25
111111010001000000000000111111010001000000000000111111010001000000000000111111010001000000000000111111010001000000000000 26
111111001100000000000000111111001100000000000000111111001100000000000000111111001100000000000000111111001100000000000000 34
111111001010000000000000111111001010000000000000111111001010000000000000111111001010000000000000111111001010000000000000 35
111111001001000000000000111111001001000000000000111111001001000000000000111111001001000000000000111111001001000000000000 36
111111000110000000000000111111000110000000000000111111000110000000000000111111000110000000000000111111000110000000000000 45
111111000101000000000000111111000101000000000000111111000101000000000000111111000101000000000000111111000101000000000000 46
111111000011000000000000111111000011000000000000111111000011000000000000111111000011000000000000111111000011000000000000 56
111111111000000000000000111111111000000000000000111111111000000000000000111111111000000000000000111111111000000000000000 123
111111110100000000000000111111110100000000000000111111110100000000000000111111110100000000000000111111110100000000000000 124
111111110010000000000000111111110010000000000000111111110010000000000000111111110010000000000000111111110010000000000000 125
111111110001000000000000111111110001000000000000111111110001000000000000111111110001000000000000111111110001000000000000 126
111111101100000000000000111111101100000000000000111111101100000000000000111111101100000000000000111111101100000000000000 134
111111101010000000000000111111101010000000000000111111101010000000000000111111101010000000000000111111101010000000000000 135
111111101001000000000000111111101001000000000000111111101001000000000000111111101001000000000000111111101001000000000000 136
111111100110000000000000111111100110000000000000111111100110000000000000111111100110000000000000111111100110000000000000 145
111111100101000000000000111111100101000000000000111111100101000000000000111111100101000000000000111111100101000000000000 146
111111100011000000000000111111100011000000000000111111100011000000000000111111100011000000000000111111100011000000000000 156
111111011100000000000000111111011100000000000000111111011100000000000000111111011100000000000000111111011100000000000000 234
111111011010000000000000111111011010000000000000111111011010000000000000111111011010000000000000111111011010000000000000 235
111111011001000000000000111111011001000000000000111111011001000000000000111111011001000000000000111111011001000000000000 236
111111010110000000000000111111010110000000000000111111010110000000000000111111010110000000000000111111010110000000000000 245
111111010101000000000000111111010101000000000000111111010101000000000000111111010101000000000000111111010101000000000000 246
111111010011000000000000111111010011000000000000111111010011000000000000111111010011000000000000111111010011000000000000 256
111111001110000000000000111111001110000000000000111111001110000000000000111111001110000000000000111111001110000000000000 345
111111001101000000000000111111001101000000000000111111001101000000000000111111001101000000000000111111001101000000000000 346
111111001011000000000000111111001011000000000000111111001011000000000000111111001011000000000000111111001011000000000000 356
111111000111000000000000111111000111000000000000111111000111000000000000111111000111000000000000111111000111000000000000 456
111111111100000000000000111111111100000000000000111111111100000000000000111111111100000000000000111111111100000000000000 1234
111111111010000000000000111111111010000000000000111111111010000000000000111111111010000000000000111111111010000000000000 1235
111111111001000000000000111111111001000000000000111111111001000000000000111111111001000000000000111111111001000000000000 1236
111111110110000000000000111111110110000000000000111111110110000000000000111111110110000000000000111111110110000000000000 1245
111111110101000000000000111111110101000000000000111111110101000000000000111111110101000000000000111111110101000000000000 1246
111111110011000000000000111111110011000000000000111111110011000000000000111111110011000000000000111111110011000000000000 1256
111111101110000000000000111111101110000000000000111111101110000000000000111111101110000000000000111111101110000000000000 1345
111111101101000000000000111111101101000000000000111111101101000000000000111111101101000000000000111111101101000000000000 1346
111111101011000000000000111111101011000000000000111111101011000000000000111111101011000000000000111111101011000000000000 1356
111111100111000000000000111111100111000000000000111111100111000000000000111111100111000000000000111111100111000000000000 1456
111111011110000000000000111111011110000000000000111111011110000000000000111111011110000000000000111111011110000000000000 2345
111111011101000000000000111111011101000000000000111111011101000000000000111111011101000000000000111111011101000000000000 2346
111111011011000000000000111111011011000000000000111111011011000000000000111111011011000000000000111111011011000000000000 2356
111111010111000000000000111111010111000000000000111111010111000000000000111111010111000000000000111111010111000000000000 2456
111111001111000000000000111111001111000000000000111111001111000000000000111111001111000000000000111111001111000000000000 3456
111111111110000000000000111111111110000000000000111111111110000000000000111111111110000000000000111111111110000000000000 12345
111111111101000000000000111111111101000000000000111111111101000000000000111111111101000000000000111111111101000000000000 12346
111111111011000000000000111111111011000000000000111111111011000000000000111111111011000000000000111111111011000000000000 12356
111111110111000000000000111111110111000000000000111111110111000000000000111111110111000000000000111111110111000000000000 12456
111111101111000000000000111111101111000000000000111111101111000000000000111111101111000000000000111111101111000000000000 13456
111111011111000000000000111111011111000000000000111111011111000000000000111111011111000000000000111111011111000000000000 23456
111111000000000000000000111111000000000000000000111111000000000000000000111111000000000000000000111111000000000000000000 123456
