111111111101000000000000111101000000000000111101000000000000000000000000000000000000000000000000000000000000000000000000
111111000111000000000000000111000000000000000111000000000000000000000000000000000000000000000000000000000000000000000000
111111100111000000000000100111000000000000100111000000000000000000000000000000000000000000000000000000000000000000000000
111101000000000000000111000000000000100111000000000000000000000000000000000000000000000000000000000000000000000000000000
111101100000000000000000111101010000000000000000111101001000000000000000111101011000000000000000000000000000000000000000
000111100000000000000000000111010000000000000000000111001000000000000000000111011000000000000000000000000000000000000000
100111100000000000000000100111010000000000000000100111001000000000000000100111011000000000000000000000000000000000000000
110110111101100000000000000000110110111101001000000000000000110110111101011000000000000000000000000000000000000000000000
101000111101100000000000000000101000111101010000000000000000101000111101001000000000000000101000111101011000000000000000
110010111101100000000000000000110010111101010000000000000000110010111101001000000000000000110010111101011000000000000000
110110000111100000000000000000110110000111011000000000000000000000000000000000000000000000000000000000000000000000000000
101000000111100000000000000000101000000111010000000000000000000000000000000000000000000000000000000000000000000000000000
110010000111100000000000000000110010000111010000000000000000110010000111011000000000000000000000000000000000000000000000
110110100111100000000000000000110110100111001000000000000000000000000000000000000000000000000000000000000000000000000000
101000100111010000000000000000000000000000000000000000000000000000000000000000000000000000000000000000000000000000000000
110010100111100000000000000000110010100111010000000000000000110010100111011000000000000000000000000000000000000000000000
110110010011100000111101010000000000000000110110010011100000111101010000000000000000000000000000000000000000000000000000
100100011010001000111101010000000000000000100100011010001000111101010000000000000000000000000000000000000000000000000000
101101010000101000000111010000000000000000101101010000101000000111010000000000000000000000000000000000000000000000000000
011110001110011000111101001000000000000000011110001110011000111101001000000000000000000000000000000000000000000000000000
110011010000100111001000000000000000110011010000100111001000000000000000000000000000000000000000000000000000000000000000
110010000111011000111000100101011000000000000000110010000111011000111000100101011000000000000000000000000000000000000000
111100011010001000110000101001011000000000011110001110011000100011001111010000000000000000000000000000000000000000000000
101011101010011000000000101011011010001000100100011010100000000010000000000000000000000000000000000000000000000000000000
011110100101100000011110100101100000000000000111011000100110010011011000000000000000000000000000000000000000000000000000
100011001011100000011110010100001000000000110010011010001000000010011000000000000000000000000000000000000000000000000000