110000111001000000110000111001000000110000111001000000000000000000000000000000000000000000000000000000000000000000000000
110000010100110000011101000000110000010100110000011101000000000000000000000000000000000000000000000000000000000000000000
110001000010000001100010000100000011000100001000000000000000000000000000000000000000000000000000000000000000000000000000
110000101001110000100001100000000000110000101001110000100001100000000000000000000000000000000000000000000000000000000000
111100010001000000111100010001000000111100010001000000000000000000000000000000000000000000000000000000000000000000000000
111100001111111100010101011000000000111100001111111100010101011000000000000000000000000000000000000000000000000000000000
111100010100100000111100100001000000111100010100100000111100100001000000000000000000000000000000000000000000000000000000
111100110001001000111100010101000000111100110001001000111100010101000000000000000000000000000000000000000000000000000000
101100101001000000101100101001000000101100101001000000000000000000000000000000000000000000000000000000000000000000000000
111100100001101100110001000000111100100001101100110001000000000000000000000000000000000000000000000000000000000000000000
110110011011100000101100100001000000000000000000000000000000000000000000000000000000000000000000000000000000000000000000
101100011001010010010000000000101100011001010010010000000000000000000000000000000000000000000000000000000000000000000000
110100001010000000110100111001000000110100011001000000000000000000000000000000000000000000000000000000000000000000000000
110100011101000000110100001011000000110100001111000000000000000000000000000000000000000000000000000000000000000000000000
110100101001000000110100101001000000110100101001000000000000000000000000000000000000000000000000000000000000000000000000
110100011001110100001010001000000000110100011001110100001010001000000000000000000000000000000000000000000000000000000000
101000010101100000110100001010000000101000010101100000110100001010000000000000000000000000000000000000000000000000000000
110000101001110100101001011000000000000000000000000000000000000000000000000000000000000000000000000000000000000000000000
110000101001110000010100000000000000110000101001101100001011000000000000110000011010100000110000111001000000000000000000
111100010100110100101001000000000000110100001111110000011010000000000000000000000000000000000000000000000000000000000000
000000000000000000000000000000000000000000000000000000000000000000000000000000000000000000000000000000000000000000000000