111111010101000000000000000000000000111111010101000000000000000000000000111111010101000000000000000000000000000000000000
111111011010000000000000000000000000111111011010000000000000000000000000111111011010000000000000000000000000000000000000
111111011101000000000000000000000000111111011101000000000000000000000000111111011101000000000000000000000000000000000000
111111111011000000000000000000000000111111111011000000000000000000000000111111111011000000000000000000000000000000000000
010101100000000000010101010000000000010101001000000000010101011000000000000000000000000000000000000000000000000000000000
011010100000000000011010010000000000011010001000000000011010011000000000000000000000000000000000000000000000000000000000
011101100000000000011101010000000000011101001000000000011101011000000000000000000000000000000000000000000000000000000000
111011100000000000111011010000000000111011001000000000111011011000000000000000000000000000000000000000000000000000000000
110000010101100000000000110000010101010000000000110000010101001000000000110000010101011000000000000000000000000000000000
111100010101100000000000111100010101010000000000111100010101001000000000111100010101011000000000000000000000000000000000
101100010101010000000000101100010101001000000000101100010101011000000000000000000000000000000000000000000000000000000000
100110010101100000000000100110010101001000000000100110010101011000000000000000000000000000000000000000000000000000000000
011110010101100000000000011110010101010000000000011110010101001000000000011110010101011000000000000000000000000000000000
101110010101001000000000101110010101011000000000000000000000000000000000000000000000000000000000000000000000000000000000
111000010101001000000000111000010101011000000000000000000000000000000000000000000000000000000000000000000000000000000000
110110010101100000000000110110010101001000000000110110010101011000000000000000000000000000000000000000000000000000000000
101000010101100000000000101000010101001000000000101000010101011000000000000000000000000000000000000000000000000000000000
110010010101100000000000110010010101010000000000110010010101001000000000110010010101011000000000000000000000000000000000
110110011010100000000000110110011010001000000000110110011010011000000000000000000000000000000000000000000000000000000000
101000011010100000000000101000011010001000000000101000011010011000000000000000000000000000000000000000000000000000000000
110010011010100000000000110010011010010000000000110010011010001000000000110010011010011000000000000000000000000000000000
001100011010100000000000001100011010010000000000001100011010001000000000001100011010011000000000000000000000000000000000
111110011010100000000000111110011010010000000000111110011010001000000000111110011010011000000000000000000000000000000000
100011011010100000000000100011011010010000000000100011011010001000000000100011011010011000000000000000000000000000000000
010110011010010000000000010110011010001000000000010110011010011000000000000000000000000000000000000000000000000000000000
101011011010100000000000101011011010010000000000101011011010001000000000101011011010011000000000000000000000000000000000
100100011010100000000000100100011010010000000000100100011010001000000000100100011010011000000000000000000000000000000000
011100011010100000000000011100011010001000000000011100011010011000000000000000000000000000000000000000000000000000000000
110000011101100000000000110000011101001000000000110000011101011000000000000000000000000000000000000000000000000000000000
111100011101100000000000111100011101010000000000111100011101011000000000000000000000000000000000000000000000000000000000
101100011101010000000000101100011101001000000000101100011101011000000000000000000000000000000000000000000000000000000000
110100011101100000000000110100011101010000000000110100011101001000000000110100011101011000000000000000000000000000000000
101110011101001000000000101110011101011000000000000000000000000000000000000000000000000000000000000000000000000000000000
111000011101100000000000111000011101010000000000111000011101001000000000111000011101011000000000000000000000000000000000
110110011101001000000000000000000000000000000000000000000000000000000000000000000000000000000000000000000000000000000000
110010011101100000000000000000000000000000000000000000000000000000000000000000000000000000000000000000000000000000000000
100011011101010000000000000000000000000000000000000000000000000000000000000000000000000000000000000000000000000000000000
101011011101010000000000000000000000000000000000000000000000000000000000000000000000000000000000000000000000000000000000
110110111011100000000000110110111011001000000000110110111011011000000000000000000000000000000000000000000000000000000000
101000111011100000000000101000111011001000000000101000111011011000000000000000000000000000000000000000000000000000000000
110010111011100000000000110010111011010000000000110010111011001000000000110010111011011000000000000000000000000000000000
001100111011100000000000001100111011010000000000001100111011001000000000001100111011011000000000000000000000000000000000
111110111011100000000000111110111011010000000000111110111011001000000000111110111011011000000000000000000000000000000000
100011111011100000000000100011111011010000000000100011111011001000000000100011111011011000000000000000000000000000000000
010110111011010000000000010110111011011000000000000000000000000000000000000000000000000000000000000000000000000000000000
101011111011100000000000101011111011001000000000101011111011011000000000000000000000000000000000000000000000000000000000
100100111011011000000000000000000000000000000000000000000000000000000000000000000000000000000000000000000000000000000000
011100111011100000000000011100111011001000000000011100111011011000000000000000000000000000000000000000000000000000000000
111110001010010000110000011101100000000000000000000000000000000000000000000000000000000000000000000000000000000000000000
100011111011001000011110011010011000000000000000000000000000000000000000000000000000000000000000000000000000000000000000
110000010101010000011110101001011000000000000000000000000000000000000000000000000000000000000000000000000000000000000000
110010111011010000101011000000000000000000000000000000000000000000000000000000000000000000000000000000000000000000000000
110010010100001000000000100011111011001000111100001010011000000000000000000000000000000000000000000000000000000000000000
100011111011100000000000010100100000110100101001000000000000000000000000000000000000000000000000000000000000000000000000
100110010101011000000000101000111011001000001100011010011000000000000000000000000000000000000000000000000000000000000000
100011010101011000000000110000011101011000101011000000000000000000000000000000000000000000000000000000000000000000000000