000000000000000000000000000000000000000000000000000000000000000000000000000000000000000000000000000000000000000000000000
100110000000000000100110000000000000100110000000000000000000000000000000000000000000000000000000000000000000000000000000
101010000000100110000000000000000000101010000000100110000000000000000000000000000000000000000000000000000000000000000000
101100000000000000101100000000000000101100000000000000000000000000000000000000000000000000000000000000000000000000000000
101011001011001000101100000000000000101011001011001000101100000000000000000000000000000000000000000000000000000000000000
101110000000000000101110000000000000101110000000000000000000000000000000000000000000000000000000000000000000000000000000
101110101100001011000000000000101110101100001011000000000000000000000000000000000000000000000000000000000000000000000000
011110000000000000011110000000000000011110000000000000000000000000000000000000000000000000000000000000000000000000000000
011110110010101101100000000000000000011110110010101101100000000000000000000000000000000000000000000000000000000000000000
011110100000000000000000011110100000000000000000011110100000000000000000000000000000000000000000000000000000000000000000
011110100000101100001011000000000000011110100000101100001011000000000000000000000000000000000000000000000000000000000000
000100011110000000000000000100011110000000000000000100011110000000000000000000000000000000000000000000000000000000000000
000100011110101100001011000000000000000100011110101100001011000000000000000000000000000000000000000000000000000000000000
000000000000000000000000000000000000000000000000000000000000000000000000000000000000000000000000000000000000000000000000
011110001010100111000000000000011110001010100111000000000000000000000000000000000000000000000000000000000000000000000000
101011001011001000101100010001101101000000000000101011001011001000101100010001101101000000000000000000000000000000000000
110110010100010000011110000000000000011110111001100000011110001010100000000000000000000000000000000000000000000000000000
011110001010100000100011000000000000010111010000011110101100100001011000000000000000000000000000000000000000000000000000
110011100110100011000000000000111001101100010001000000000000000000000000000000000000000000000000000000000000000000000000
000000000000000000000000000000000000000000000000000000000000000000000000000000000000000000000000000000000000000000000000
000000000000000000000000000000000000000000000000000000000000000000000000000000000000000000000000000000000000000000000000
000000000000000000000000000000000000000000000000000000000000000000000000000000000000000000000000000000000000000000000000
000000000000000000000000000000000000000000000000000000000000000000000000000000000000000000000000000000000000000000000000