000001100000000000000000000001100000000000000000000001100000000000000000000001100000000000000000000001100000000000000000
000001110000000000000000000001110000000000000000000001110000000000000000000001110000000000000000000001110000000000000000
000001100100000000000000000001100100000000000000000001100100000000000000000001100100000000000000000001100100000000000000
000001100110000000000000000001100110000000000000000001100110000000000000000001100110000000000000000001100110000000000000
000001100010000000000000000001100010000000000000000001100010000000000000000001100010000000000000000001100010000000000000
000001110100000000000000000001110100000000000000000001110100000000000000000001110100000000000000000001110100000000000000
000001110110000000000000000001110110000000000000000001110110000000000000000001110110000000000000000001110110000000000000
000001110010000000000000000001110010000000000000000001110010000000000000000001110010000000000000000001110010000000000000
000001010100000000000000000001010100000000000000000001010100000000000000000001010100000000000000000001010100000000000000
000001010110000000000000000001010110000000000000000001010110000000000000000001010110000000000000000001010110000000000000
000001101000000000000000000001101000000000000000000001101000000000000000000001101000000000000000000001101000000000000000
000001111000000000000000000001111000000000000000000001111000000000000000000001111000000000000000000001111000000000000000
000001101100000000000000000001101100000000000000000001101100000000000000000001101100000000000000000001101100000000000000
000001101110000000000000000001101110000000000000000001101110000000000000000001101110000000000000000001101110000000000000
000001101010000000000000000001101010000000000000000001101010000000000000000001101010000000000000000001101010000000000000
000001111100000000000000000001111100000000000000000001111100000000000000000001111100000000000000000001111100000000000000
000001111110000000000000000001111110000000000000000001111110000000000000000001111110000000000000000001111110000000000000
000001111010000000000000000001111010000000000000000001111010000000000000000001111010000000000000000001111010000000000000
000001011100000000000000000001011100000000000000000001011100000000000000000001011100000000000000000001011100000000000000
000001011110000000000000000001011110000000000000000001011110000000000000000001011110000000000000000001011110000000000000
000001101001000000000000000001101001000000000000000001101001000000000000000001101001000000000000000001101001000000000000
000001111001000000000000000001111001000000000000000001111001000000000000000001111001000000000000000001111001000000000000
000001010111000000000000000001010111000000000000000001010111000000000000000001010111000000000000000001010111000000000000
000001101101000000000000000001101101000000000000000001101101000000000000000001101101000000000000000001101101000000000000
000001101111000000000000000001101111000000000000000001101111000000000000000001101111000000000000000001101111000000000000
000001101011000000000000000001101011000000000000000001101011000000000000000001101011000000000000000001101011000000000000
000011100000000000000000000011100000000000000000000011100000000000000000000011100000000000000000000011100000000000000000
000011110000000000000000000011110000000000000000000011110000000000000000000011110000000000000000000011110000000000000000
000011100100000000000000000011100100000000000000000011100100000000000000000011100100000000000000000011100100000000000000
000011100110000000000000000011100110000000000000000011100110000000000000000011100110000000000000000011100110000000000000
000011100010000000000000000011100010000000000000000011100010000000000000000011100010000000000000000011100010000000000000
000011110100000000000000000011110100000000000000000011110100000000000000000011110100000000000000000011110100000000000000
000011110110000000000000000011110110000000000000000011110110000000000000000011110110000000000000000011110110000000000000
000011110010000000000000000011110010000000000000000011110010000000000000000011110010000000000000000011110010000000000000
000011010100000000000000000011010100000000000000000011010100000000000000000011010100000000000000000011010100000000000000
000011010110000000000000000011010110000000000000000011010110000000000000000011010110000000000000000011010110000000000000
000011101000000000000000000011101000000000000000000011101000000000000000000011101000000000000000000011101000000000000000
000011111000000000000000000011111000000000000000000011111000000000000000000011111000000000000000000011111000000000000000
000011101100000000000000000011101100000000000000000011101100000000000000000011101100000000000000000011101100000000000000
000011101110000000000000000011101110000000000000000011101110000000000000000011101110000000000000000011101110000000000000
000011101010000000000000000011101010000000000000000011101010000000000000000011101010000000000000000011101010000000000000
000011111100000000000000000011111100000000000000000011111100000000000000000011111100000000000000000011111100000000000000
000011111110000000000000000011111110000000000000000011111110000000000000000011111110000000000000000011111110000000000000
000011111010000000000000000011111010000000000000000011111010000000000000000011111010000000000000000011111010000000000000
000011011100000000000000000011011100000000000000000011011100000000000000000011011100000000000000000011011100000000000000
000011011110000000000000000011011110000000000000000011011110000000000000000011011110000000000000000011011110000000000000
000011101001000000000000000011101001000000000000000011101001000000000000000011101001000000000000000011101001000000000000
000011111001000000000000000011111001000000000000000011111001000000000000000011111001000000000000000011111001000000000000
000011010111000000000000000011010111000000000000000011010111000000000000000011010111000000000000000011010111000000000000
000011101101000000000000000011101101000000000000000011101101000000000000000011101101000000000000000011101101000000000000
000011101111000000000000000011101111000000000000000011101111000000000000000011101111000000000000000011101111000000000000
000011101011000000000000000011101011000000000000000011101011000000000000000011101011000000000000000011101011000000000000
