110110111001110000101001000000110110111001110000101001000000000000000000000000000000000000000000000000000000000000000000
110110010101001000110000100101000000110110010101001000110000100101000000000000000000000000000000000000000000000000000000
110110101001100110100001000000000000000000000000000000000000000000000000000000000000000000000000000000000000000000000000
110110011100100000110110010011000000110110010011100000110110010011000000000000000000000000000000000000000000000000000000
110110010001110110101010010000000000110110010001110110101010010000000000000000000000000000000000000000000000000000000000
110000011010100000101000101010000000110000011010100000101000101010000000000000000000000000000000000000000000000000000000
101000011010001000111000001101000000101000011010001000111000001101000000000000000000000000000000000000000000000000000000
101000111001100110010101000000101000111001100110010101000000000000000000000000000000000000000000000000000000000000000000
011110111011010000101000011010000000011110111011010000101000011010000000000000000000000000000000000000000000000000000000
101100011010001000101000001000101110010000000000010110000101000100010100001000101110010000000000000000000000000000000000
101000101111111000010001011000000000000000000000000000000000000000000000000000000000000000000000000000000000000000000000
110010101010100110010011000000110010101010100110010011000000000000000000000000000000000000000000000000000000000000000000
110010101001011000110010011001000000110010101001011000110010011001000000000000000000000000000000000000000000000000000000
110010010001111100100001000000110010010001111100100001000000000000000000000000000000000000000000000000000000000000000000
110010001111101000111111000000110010001111101000111111000000000000000000000000000000000000000000000000000000000000000000
110100111001001000101000011001000000000000110010110111110000011010001000000000000000000000000000000000000000000000000000
110010011001011110100101100000000000000000000000000000000000000000000000000000000000000000000000000000000000000000000000
110010011011110110010011100000000000000000101000010001011110011001000000000000000000000000000000000000000000000000000000
110010111111011000011110010100000000000000000000000000000000000000000000000000000000000000000000000000000000000000000000
000000000000000000000000000000000000000000000000000000000000000000000000000000000000000000111101000100010001110001010010