111111100101000000000000100101000000000000100101000000000000000000000000000000000000000000000000000000000000000000000000
111111101101000000000000101101000000000000101101000000000000000000000000000000000000000000000000000000000000000000000000
111111110001000000000000110001000000000000110001000000000000000000000000000000000000000000000000000000000000000000000000
111111100001000000000000100001000000000000100001000000000000000000000000000000000000000000000000000000000000000000000000
100101000000000000101101000000000000110001000000000000100001000000000000000000000000000000000000000000000000000000000000
100101100000000000000000100101010000000000000000100101001000000000000000100101011000000000000000000000000000000000000000
101101100000000000000000101101010000000000000000101101001000000000000000101101011000000000000000000000000000000000000000
110001100000000000000000110001010000000000000000110001001000000000000000110001011000000000000000000000000000000000000000
100001100000000000000000100001010000000000000000100001001000000000000000100001011000000000000000000000000000000000000000
111100100101100000000000000000111100100101010000000000000000111100100101001000000000000000111100100101011000000000000000
101100100101010000000000000000101100100101001000000000000000101100100101011000000000000000000000000000000000000000000000
100110100101100000000000000000100110100101001000000000000000100110100101011000000000000000000000000000000000000000000000
011110100101100000000000000000011110100101010000000000000000011110100101001000000000000000011110100101011000000000000000
101110100101100000000000000000101110100101010000000000000000101110100101001000000000000000101110100101011000000000000000
111000100101010000000000000000111000100101001000000000000000111000100101011000000000000000000000000000000000000000000000
110110100101100000000000000000110110100101001000000000000000110110100101011000000000000000000000000000000000000000000000
101000100101100000000000000000101000100101010000000000000000101000100101001000000000000000101000100101011000000000000000
110010100101100000000000000000110010100101010000000000000000110010100101001000000000000000110010100101011000000000000000
101110101101010000000000000000101110101101011000000000000000000000000000000000000000000000000000000000000000000000000000
111000101101010000000000000000111000101101001000000000000000111000101101011000000000000000000000000000000000000000000000
110110101101100000000000000000110110101101001000000000000000110110101101011000000000000000000000000000000000000000000000
101000101101100000000000000000101000101101010000000000000000101000101101001000000000000000101000101101011000000000000000
110010101101100000000000000000110010101101010000000000000000110010101101001000000000000000110010101101011000000000000000
110000110001100000000000000000110000110001011000000000000000000000000000000000000000000000000000000000000000000000000000
111100110001100000000000000000111100110001010000000000000000111100110001001000000000000000111100110001011000000000000000
101100110001010000000000000000101100110001001000000000000000000000000000000000000000000000000000000000000000000000000000
101110110001010000000000000000000000000000000000000000000000000000000000000000000000000000000000000000000000000000000000
111000110001100000000000000000111000110001010000000000000000111000110001001000000000000000111000110001011000000000000000
110110110001100000000000000000110110110001001000000000000000110110110001011000000000000000000000000000000000000000000000
101000110001100000000000000000101000110001010000000000000000101000110001001000000000000001010001100010110000000000000000
110010110001100000000000000000110010110001010000000000000000110010110001001000000000000000110010110001011000000000000000
110000100001100000000000000000110000100001001000000000000000110000100001011000000000000000000000000000000000000000000000
111100100001100000000000000000111100100001010000000000000000000000000000000000000000000000000000000000000000000000000000
101100100001010000000000000000101100100001001000000000000000101100100001011000000000000000000000000000000000000000000000
100110100001100000000000000000100110100001001000000000000000100110100001011000000000000000000000000000000000000000000000
011110100001100000000000000000011110100001010000000000000000011110100001001000000000000000011110100001011000000000000000
101110100001010000000000000000101110100001001000000000000000101110100001011000000000000000000000000000000000000000000000
111000100001010000000000000000111000100001001000000000000000111000100001011000000000000000000000000000000000000000000000
110110100001100000000000000000110110100001001000000000000000110110100001011000000000000000000000000000000000000000000000
101000100001100000000000000000101000100001010000000000000000101000100001001000000000000000101000100001011000000000000000
110010100001100000000000000000110010100001010000000000000000110010100001001000000000000000110010100001011000000000000000
110000011101001000110110100001100000000000000000110000011101001000110110100001100000000000000000000000000000000000000000
011110100101100000110110110001100000000000000000011110100101100000110110110001100000000000000000000000000000000000000000
101110111001010000110110100001100000000000000000101110111001010000110110100001100000000000000000000000000000000000000000
011110010101011000101101010000000000000000011110010101011000101101010000000000000000000000000000000000000000000000000000
011111011000111000101101011000000000000000011111011000111000101101011000000000000000000000000000000000000000000000000000
110010100001100000110010100001000000000000110010100001100000110010100001000000000000000000000000000000000000000000000000
100110100101011000100110001111100000000000000000100110100101011000100110001111100000000000000000000000000000000000000000
100110100101011000100011111001011000000000000000100110100101011000100011111001011000000000000000000000000000000000000000
100110100101011000110000100001100000110010101101100000000000000000000000000000000000000000000000000000000000000000000000
100110001010011000100101011000000000000000100110001010011000100101011000000000000000000000000000000000000000000000000000
111000011010001000100001100000000000000000111000011010001000100001100000000000000000000000000000000000000000000000000000
110000010101001000111000100001010000101110001110001000000000000000110000010101001000111000100001010000101110001110001000
101010001000000000010101011000000000110000011101001000110110100001100000000010000000000000000000000000000000000000000000
101010001000000000010101011000000000011110100101100000111001100000101100001011010000000010011000000000000000000000000000
101010001000000000010101011000000000110110110101100000110010101101100000000010000000000000000000000000000000000000000000
101010001000000000010101011000000000101000110001100000010110001011010000000010011000000000000000000000000000000000000000
