110010100101101011010101000000000000110010100101101011010101000000000000000000000000000000000000000000000000000000000000
101011101010110100001111000000000000101011101010110100001111000000000000000000000000000000000000000000000000000000000000
011110011010101011010111000000000000011110011010101011010111000000000000000000000000000000000000000000000000000000000000
101011010011100000110110001110000000000000101011010011100000110110001110000000000000000000000000000000000000000000000000
011100010010100000101011001000000000000000011100010010100000101011001000000000000000000000000000000000000000000000000000
010010010000101011011000000000000000010010010000101011011000000000000000000000000000000000000000000000000000000000000000
110000011010100000101011000000000000110000011010100000101011000000000000000000000000000000000000000000000000000000000000
010110001011100100010101000000000000010110001011100100010101000000000000000000000000000000000000000000000000000000000000
100100010011100100001000000000000000100100010011100100001000000000000000000000000000000000000000000000000000000000000000
100100111001110110010100010000010110001011000000000000100100111001110110010100010000010110001011000000000000000000000000
100110001010101000010100011000100100001111000000000000100110001010101000010100011000100100001111000000000000000000000000
101011111001011100010011000000000000101011111001011100010011000000000000000000000000000000000000000000000000000000000000
011100101001100110101001000000000000011100101001100110101001000000000000000000000000000000000000000000000000000000000000
011110010001011000011100010001000000000000011110010001011000011100010001000000000000000000000000000000000000000000000000
011100101010001000011100010111000000000000011100101010001000011100010111000000000000000000000000000000000000000000000000
101011011000010110111001110110100010000000000000101011011000010110111001110110100010000000000000000000000000000000000000
101011001011001000101100010001110000111001000000000000101011001011001000101100010001110000111001000000000000000000000000
000000000000000000000000000000000000000000000000000000000000000000000000000000000000000000000000000000000000000000000000
101011011000000000000000101011011000000000000000000000000000000000000000000000000000000000000000000000000000000000000000
101011000000000000101011000000000000000000000000000000000000000000000000000000000000000000000000000000000000000000000000