111111110000000000000000111111110000000000000000111111110000000000000000111111110000000000000000111111110000000000000000
111111111100000000000000111111111100000000000000111111111100000000000000111111111100000000000000111111111100000000000000
111111101100000000000000111111101100000000000000111111101100000000000000111111101100000000000000111111101100000000000000
111111110100000000000000111111110100000000000000111111110100000000000000111111110100000000000000111111110100000000000000
111111100110000000000000111111100110000000000000111111100110000000000000111111100110000000000000111111100110000000000000
111111011110000000000000111111011110000000000000111111011110000000000000111111011110000000000000111111011110000000000000
111111101110000000000000111111101110000000000000111111101110000000000000111111101110000000000000111111101110000000000000
111111111000000000000000111111111000000000000000111111111000000000000000111111111000000000000000111111111000000000000000
111111110110000000000000111111110110000000000000111111110110000000000000111111110110000000000000111111110110000000000000
111111101000000000000000111111101000000000000000111111101000000000000000111111101000000000000000111111101000000000000000
111111110010000000000000111111110010000000000000111111110010000000000000111111110010000000000000111111110010000000000000
111111110110000000000000111111110110000000000000111111110110000000000000111111110110000000000000111111110110000000000000
111111101000000000000000111111101000000000000000111111101000000000000000111111101000000000000000111111101000000000000000
111111110010000000000000111111110010000000000000111111110010000000000000111111110010000000000000111111110010000000000000
111111001100000000000000111111001100000000000000111111001100000000000000111111001100000000000000111111001100000000000000
111111111110000000000000111111111110000000000000111111111110000000000000111111111110000000000000111111111110000000000000
111111100011000000000000111111100011000000000000111111100011000000000000111111100011000000000000111111100011000000000000
111111010110000000000000111111010110000000000000111111010110000000000000111111010110000000000000111111010110000000000000
111111101011000000000000111111101011000000000000111111101011000000000000111111101011000000000000111111101011000000000000
111111100100000000000000111111100100000000000000111111100100000000000000111111100100000000000000111111100100000000000000
111111011100000000000000111111011100000000000000111111011100000000000000111111011100000000000000111111011100000000000000
