111111001111010110000000111111001111010110000000111111001111010110000000111111001111010110000000111111001111010110000000
111111001111100000000000111111001111100000000000111111001111100000000000111111001111100000000000111111001111100000000000
111111001111110000000000111111001111110000000000111111001111110000000000111111001111110000000000111111001111110000000000
111111001111100100000000111111001111100100000000111111001111100100000000111111001111100100000000111111001111100100000000
111111001111100110000000111111001111100110000000111111001111100110000000111111001111100110000000111111001111100110000000
111111001111100010000000111111001111100010000000111111001111100010000000111111001111100010000000111111001111100010000000
111111001111110100000000111111001111110100000000111111001111110100000000111111001111110100000000111111001111110100000000
111111001111110110000000111111001111110110000000111111001111110110000000111111001111110110000000111111001111110110000000
111111001111110010000000111111001111110010000000111111001111110010000000111111001111110010000000111111001111110010000000
111111001111010100000000111111001111010100000000111111001111010100000000111111001111010100000000111111001111010100000000
