111111000010011000000000111111000010011000000000111111000010011000000000111111000010011000000000111111000010011000000000
111111000010000000000000111111000010000000000000111111000010000000000000111111000010000000000000111111000010000000000000
111111000100000000000000111111000100000000000000111111000100000000000000111111000100000000000000111111000100000000000000
111111000011000000000000111111000011000000000000111111000011000000000000111111000011000000000000111111000011000000000000
111111000010001000000000111111000010001000000000111111000010001000000000111111000010001000000000111111000010001000000000
111111000011010000000000111111000011010000000000111111000011010000000000111111000011010000000000111111000011010000000000
111111001001000000000000111111001001000000000000111111001001000000000000111111001001000000000000111111001001000000000000
111111000110000000000000111111000110000000000000111111000110000000000000111111000110000000000000111111000110000000000000
111111000110000000000000111111000110000000000000111111000110000000000000111111000110000000000000111111000110000000000000
111111000110000110000000111111000110000110000000111111000110000110000000111111000110000110000000111111000110000110000000
111111000110000110000000111111000110000110000000111111000110000110000000111111000110000110000000111111000110000110000000
111111000110000110000000111111000110000110000000111111000110000110000000111111000110000110000000111111000110000110000000
111111000110000110000110000110111111000110000110000110000110111111000110000110000110000110111111000110000110000110000110
111111000011001000000000111111000011001000000000111111000011001000000000111111000011001000000000111111000011001000000000
111111000001011000000000111111000001011000000000111111000001011000000000111111000001011000000000111111000001011000000000
111111000011001000000001011000111111000011001000000001011000111111000011001000000001011000111111000011001000000001011000
111111000011011000000000111111000011011000000000111111000011011000000000111111000011011000000000111111000011011000000000
111111000011011000000000111111000011011000000000111111000011011000000000111111000011011000000000111111000011011000000000
111111000011011000000011011000111111000011011000000011011000111111000011011000000011011000111111000011011000000011011000
111111000001001001000000111111000001001001000000111111000001001001000000111111000001001001000000111111000001001001000000
111111000010000010000010111111000010000010000010111111000010000010000010111111000010000010000010111111000010000010000010
111111001001000000000000111111001001000000000000111111001001000000000000111111001001000000000000111111001001000000000000
111111000010001001000000111111000010001001000000111111000010001001000000111111000010001001000000111111000010001001000000
111111001001010000000000111111001001010000000000111111001001010000000000111111001001010000000000111111001001010000000000
111111000010001001001001010000111111000010001001001001010000111111000010001001001001010000111111000010001001001001010000
111111000010001000000000111111000010001000000000111111000010001000000000111111000010001000000000111111000010001000000000
111111000001010000000000111111000001010000000000111111000001010000000000111111000001010000000000111111000001010000000000
111111000010001000000001010000111111000010001000000001010000111111000010001000000001010000111111000010001000000001010000
111111011011001010000000111111011011001010000000111111011011001010000000111111011011001010000000111111011011001010000000
111111000001000000000000111111000001000000000000111111000001000000000000111111000001000000000000111111000001000000000000
111111000011000000000000111111000011000000000000111111000011000000000000111111000011000000000000111111000011000000000000
111111001001000000000000111111001001000000000000111111001001000000000000111111001001000000000000111111001001000000000000
111111000111000000000000111111000111000000000000111111000111000000000000111111000111000000000000111111000111000000000000
111111000101000000000000111111000101000000000000111111000101000000000000111111000101000000000000111111000101000000000000
