111111001010000000000000111111001010000000000000111111001010000000000000111111001010000000000000111111001010000000000000
111111010001000000000000111111010001000000000000111111010001000000000000111111010001000000000000111111010001000000000000
111111010001000000000000111111010001000000000000111111010001000000000000111111010001000000000000111111010001000000000000
111111010100000000000000111111010100000000000000111111010100000000000000111111010100000000000000111111010100000000000000
111111101001000000000000111111101001000000000000111111101001000000000000111111101001000000000000111111101001000000000000
111111001101000000000000111111001101000000000000111111001101000000000000111111001101000000000000111111001101000000000000
111111010101000000000000111111010101000000000000111111010101000000000000111111010101000000000000111111010101000000000000
111111011101000000000000111111011101000000000000111111011101000000000000111111011101000000000000111111011101000000000000
111111010111000000000000111111010111000000000000111111010111000000000000111111010111000000000000111111010111000000000000
111111011010000000000000111111011010000000000000111111011010000000000000111111011010000000000000111111011010000000000000
111111111011000000000000111111111011000000000000111111111011000000000000111111111011000000000000111111111011000000000000
111111110011000000000000111111110011000000000000111111110011000000000000111111110011000000000000111111110011000000000000
111111100010000000000000111111100010000000000000111111100010000000000000111111100010000000000000111111100010000000000000
111111011111000000000000111111011111000000000000111111011111000000000000111111011111000000000000111111011111000000000000
111111111010000000000000111111111010000000000000111111111010000000000000111111111010000000000000111111111010000000000000
111111111001000000000000111111111001000000000000111111111001000000000000111111111001000000000000111111111001000000000000
111111001011000000000000111111001011000000000000111111001011000000000000111111001011000000000000111111001011000000000000
111111110001000000000000111111110001000000000000111111110001000000000000111111110001000000000000111111110001000000000000
111111001010000000000000111111001010000000000000111111001010000000000000111111001010000000000000111111001010000000000000
111111000111000000000000111111000111000000000000111111000111000000000000111111000111000000000000111111000111000000000000
111111011001000000000000111111011001000000000000111111011001000000000000111111011001000000000000111111011001000000000000
111111001111000000000000111111001111000000000000111111001111000000000000111111001111000000000000111111001111000000000000
111111100001000000000000111111100001000000000000111111100001000000000000111111100001000000000000111111100001000000000000
111111010011000000000000111111010011000000000000111111010011000000000000111111010011000000000000111111010011000000000000
111111110101000000000000111111110101000000000000111111110101000000000000111111110101000000000000111111110101000000000000
111111001110000000000000111111001110000000000000111111001110000000000000111111001110000000000000111111001110000000000000
111111100101000000000000111111100101000000000000111111100101000000000000111111100101000000000000111111100101000000000000
111111101101000000000000111111101101000000000000111111101101000000000000111111101101000000000000111111101101000000000000
111111100111000000000000111111100111000000000000111111100111000000000000111111100111000000000000111111100111000000000000
111111000000000000000000111111000000000000000000111111000000000000000000111111000000000000000000111111000000000000000000
111111101111000000000000111111101111000000000000111111101111000000000000111111101111000000000000111111101111000000000000
111111110111000000000000111111110111000000000000111111110111000000000000111111110111000000000000111111110111000000000000
111111011011000000000000111111011011000000000000111111011011000000000000111111011011000000000000111111011011000000000000
111111010011000000000000111111010011000000000000111111010011000000000000111111010011000000000000111111010011000000000000
111111011010000000000000111111011010000000000000111111011010000000000000111111011010000000000000111111011010000000000000
111111111101000000000000111111111101000000000000111111111101000000000000111111111101000000000000111111111101000000000000
