111111001100000000000000000000000000111111001100000000000000000000000000111111001100000000000000000000000000000000000000
111111111110000000000000000000000000111111111110000000000000000000000000111111111110000000000000000000000000000000000000
111111100011000000000000000000000000111111100011000000000000000000000000111111100011000000000000000000000000000000000000
111111010110000000000000000000000000111111010110000000000000000000000000111111010110000000000000000000000000000000000000
001100100000000000001100010000000000001100001000000000001100011000000000000000000000000000000000000000000000000000000000
111110100000000000111110010000000000111110001000000000111110011000000000000000000000000000000000000000000000000000000000
100011100000000000100011010000000000100011001000000000100011011000000000000000000000000000000000000000000000000000000000
010110011000000000000000000000000000000000000000000000000000000000000000000000000000000000000000000000000000000000000000
001100001010100000000000001100001010010000000000001100001010001000000000001100001010011000000000000000000000000000000000
001100010001100000000000001100010001010000000000001100010001001000000000001100010001011000000000000000000000000000000000
001100101001100000000000001100101001010000000000001100101001001000000000001100101001011000000000000000000000000000000000
111110001010100000000000111110001010010000000000111110001010001000000000111110001010011000000000000000000000000000000000
111110010001100000000001111100100010010000000011111001000101100000000000000000000000000000000000000000000000000000000000
111110101001100000000000111110101001010000000000111110101001001000000000111110101001011000000000000000000000000000000000
100011001010100000000000100011001010010000000000100011001010001000000000100011001010011000000000000000000000000000000000
100011010001100000000000100011010001010000000000100011010001001000000000100011010001011000000000000000000000000000000000
100011101001100000000000100011101001010000000000100011101001001000000000100011101001011000000000000000000000000000000000
010110010001001000000000010110010001011000000000000000000000000000000000000000000000000000000000000000000000000000000000
010110101001010000000000010110101001001000000000010110101001011000000000000000000000000000000000000000000000000000000000
110010010001100000111110001010010000000000110010010001100000111110001010010000000000000000000000000000000000000000000000
001100010001010000001100001000000000001100010001010000001100001000000000000000000000000000000000000000000000000000000000
100110101001010000100011101001100000000000100110101001010000100011101001100000000000000000000000000000000000000000000000
001100010000100011101001011000000000001100010000100011101001011000000000000000000000000000000000000000000000000000000000
110110010100011000001100010001001000000000110110010100011000001100010001001000000000000000000000000000000000000000000000
001100101001001000111110010000000000001100101001001000111110010000000000001100101001001000111110010000000000000000000000
100011101001100000110100001010001000000000100011101001100000110100001010001000000000000000000000000000000000000000000000
010110011000111000010100011000000000010110011000111000010100011000000000000000000000000000000000000000000000000000000000