111111111111000000000000111111000000000000111111000000000000000000000000000000000000000000000000000000000000000000000000
111111101111000000000000101111000000000000101111000000000000000000000000000000000000000000000000000000000000000000000000
111111010111000000000000010111000000000000010111000000000000000000000000000000000000000000000000000000000000000000000000
111111101010000000000000101010000000000000101010000000000000000000000000000000000000000000000000000000000000000000000000
111111011111000000000000011111000000000000011111000000000000000000000000000000000000000000000000000000000000000000000000
111111111010000000000000111010000000000000111010000000000000000000000000000000000000000000000000000000000000000000000000
111111000000000000101111000000000000010111000000000000101010000000000000111010000000000000000000000000000000000000000000
111111100000000000000000111111010000000000000000111111100100000000000000011111110110000000000000000000000000000000000000
101111100000000000000000101111001000000000000000101111011000000000000000000000000000000000000000000000000000000000000000
010111100000000000000000010111010000000000000000010111001000000000000000010111011000000000000000000000000000000000000000
101010100000000000000000101010010000000000000000101010001000000000000000101010011000000000000000000000000000000000000000
011111100000000000000000011111001000000000000000011111011000000000000000000000000000000000000000000000000000000000000000
111010010000000000000000111010001000000000000000111010011000000000000000000000000000000000000000000000000000000000000000
110110111111100000000000000000110110111111001000000000000000110110111111011000000000000000000000000000000000000000000000
101000111111100000000000000000000101000111111001000000000000000101000111111011000000000000000000000000000000000000000000
110010111111100000000000000000110010111111010000000000000000110010111111011000000000000000000000000000000000000000000000
001100111111100000000000000000001100111111001000000000000000000000000000000000000000000000000000000000000000000000000000
100011111111100000000000000000100011111111001000000000000000100011111111011000000000000000000000000000000000000000000000
110110101111100000000000000000110110101111001000000000000000110110101111011000000000000000000000000000000000000000000000
101000101111001000000000000000101000101111011000000000000000000000000000000000000000000000000000000000000000000000000000
110010101111010000000000000000110010101111011000000000000000000000000000000000000000000000000000000000000000000000000000
001100101111100000000000000000001100101111001000000000000000001100101111011000000000000000000000000000000000000000000000
111110101111100000000000000000111110101111010000000000000000111110101111001000000000000000111110101111011000000000000000
100011101111100000000000000000100011101111001000000000000000100011101111011000000000000000000000000000000000000000000000
100110010111100000000000000000100110010111011000000000000000000000000000000000000000000000000000000000000000000000000000
011110010111100000000000000000011110010111010000000000000000011110010111001000000000000000011110010111011000000000000000
110110010111100000000000000000110110010111001000000000000000110110010111011000000000000000000000000000000000000000000000
101000010111100000000000000000101000010111010000000000000000101000010111001000000000000000101000010111011000000000000000
110010010111100000000000000000110010010111010000000000000000110010010111001000000000000000110010010111011000000000000000
001100010111100000000000000000001100010111011000000000000000000000000000000000000000000000000000000000000000000000000000
111110010111100000000000000000111110010111010000000000000000000000000000000000000000000000000000000000000000000000000000
100011010111010000000000000000100011010111001000000000000000100011010111011000000000000000000000000000000000000000000000
010110010111010000000000000000010110010111001000000000000000010110010111011000000000000000000000000000000000000000000000
101011010111100000000000000000101011010111001000000000000000101011010111011000000000000000000000000000000000000000000000
100100010111100000000000000000100100010111001000000000000000100100010111011000000000000000000000000000000000000000000000
011100010111100000000000000000011100010111010000000000000000011100010111001000000000000000011100010111011000000000000000
110110101010100000000000000000110110101010010000000000000000110110101010001000000000000000110110101010011000000000000000
101000101010011000000000000000000000000000000000000000000000000000000000000000000000000000000000000000000000000000000000
101000101010100000000000000000101000101010010000000000000000101000101010001000000000000000101000101010011000000000000000
001100101010100000000000000000001100101010010000000000000000001100101010001000000000000000001100101010011000000000000000
111110101010100000000000000000111110101010011000000000000000000000000000000000000000000000000000000000000000000000000000
100011101010100000000000000000100011101010011000000000000000000000000000000000000000000000000000000000000000000000000000
010110101010100000000000000000010110101010011000000000000000000000000000000000000000000000000000000000000000000000000000
101011101010100000000000000000101011101010010000000000000000101011101010001000000000000000101011101010011000000000000000
100100101010100000000000000000100100101010010000000000000000100100101010001000000000000000100100101010011000000000000000
011100101010100000000000000000011100101010001000000000000000011100101010011000000000000000000000000000000000000000000000
110110011111100000000000000000110110011111010000000000000000110110011111001000000000000000110110011111011000000000000000
101000011111100000000000000000101000011111010000000000000000101000011111011000000000000000000000000000000000000000000000
110010011111100000000000000000110010011111010000000000000000110010011111001000000000000000110010011111011000000000000000
101011010111001000110000001010000000000000101011010111001000110000001010000000000000000000000000000000000000000000000000
111010001000100110101010000000000000000000111010001000100110101010000000000000000000000000000000000000000000000000000000
110010010001100000100011010111001000000000000000110010010001100000100011010111001000000000000000000000000000000000000000
100011101010100000110010111111011000000000000000100011101010100000110010111111011000000000000000000000000000000000000000
110010011111010000110010001110011000000000000000110010011111010000110010001110011000000000000000000000000000000000000000
101000101111011000111000010001011000000000000000101000101111011000111000010001011000000000000000000000000000000000000000
111000001010100000000000111010011000110010101001010000000000000000111000001010100000000000111010011000110010101001010000
111110010111100000000000100110010100010000101011000000000000111110010111100000000000100110010100010000101011000000000000
101000001110100000000000111000101010010000110110101001001000000000000000000000000000000000000000000000000000000000000000
110010011111010000000000111010010000110110010001100000000000000000110010011111010000000000111010010000110110010001100000
100011111111001000000000101011001010010000110110010100011000000000000000000000000000000000000000000000000000000000000000
