111111000001100000000000111111000001100000000000111111000001100000000000111111000001100000000000111111000001100000000000
111111000001110000000000111111000001110000000000111111000001110000000000111111000001110000000000111111000001110000000000
111111000001100100000000111111000001100100000000111111000001100100000000111111000001100100000000111111000001100100000000
111111000001100110000000111111000001100110000000111111000001100110000000111111000001100110000000111111000001100110000000
111111000001100010000000111111000001100010000000111111000001100010000000111111000001100010000000111111000001100010000000
111111000001110100000000111111000001110100000000111111000001110100000000111111000001110100000000111111000001110100000000
111111000001110110000000111111000001110110000000111111000001110110000000111111000001110110000000111111000001110110000000
111111000001110010000000111111000001110010000000111111000001110010000000111111000001110010000000111111000001110010000000
111111000001010100000000111111000001010100000000111111000001010100000000111111000001010100000000111111000001010100000000
111111000001010110000000111111000001010110000000111111000001010110000000111111000001010110000000111111000001010110000000
111111000001101000000000111111000001101000000000111111000001101000000000111111000001101000000000111111000001101000000000
111111000001111000000000111111000001111000000000111111000001111000000000111111000001111000000000111111000001111000000000
111111000001101100000000111111000001101100000000111111000001101100000000111111000001101100000000111111000001101100000000
111111000001101110000000111111000001101110000000111111000001101110000000111111000001101110000000111111000001101110000000
111111000001101010000000111111000001101010000000111111000001101010000000111111000001101010000000111111000001101010000000
111111000001111100000000111111000001111100000000111111000001111100000000111111000001111100000000111111000001111100000000
111111000001111110000000111111000001111110000000111111000001111110000000111111000001111110000000111111000001111110000000
111111000001111010000000111111000001111010000000111111000001111010000000111111000001111010000000111111000001111010000000
111111000001011100000000111111000001011100000000111111000001011100000000111111000001011100000000111111000001011100000000
111111000001011110000000111111000001011110000000111111000001011110000000111111000001011110000000111111000001011110000000
111111000001101001000000111111000001101001000000111111000001101001000000111111000001101001000000111111000001101001000000
111111000001111001000000111111000001111001000000111111000001111001000000111111000001111001000000111111000001111001000000
111111000001010111000000111111000001010111000000111111000001010111000000111111000001010111000000111111000001010111000000
111111000001101101000000111111000001101101000000111111000001101101000000111111000001101101000000111111000001101101000000
111111000001101111000000111111000001101111000000111111000001101111000000111111000001101111000000111111000001101111000000
111111000001101011000000111111000001101011000000111111000001101011000000111111000001101011000000111111000001101011000000
111111000011100000000000111111000011100000000000111111000011100000000000111111000011100000000000111111000011100000000000
111111000011110000000000111111000011110000000000111111000011110000000000111111000011110000000000111111000011110000000000
111111000011100100000000111111000011100100000000111111000011100100000000111111000011100100000000111111000011100100000000
111111000011100110000000111111000011100110000000111111000011100110000000111111000011100110000000111111000011100110000000
111111000011100010000000111111000011100010000000111111000011100010000000111111000011100010000000111111000011100010000000
111111000011110100000000111111000011110100000000111111000011110100000000111111000011110100000000111111000011110100000000
111111000011110110000000111111000011110110000000111111000011110110000000111111000011110110000000111111000011110110000000
111111000011110010000000111111000011110010000000111111000011110010000000111111000011110010000000111111000011110010000000
111111000011010100000000111111000011010100000000111111000011010100000000111111000011010100000000111111000011010100000000
111111000011010110000000111111000011010110000000111111000011010110000000111111000011010110000000111111000011010110000000
111111000011101000000000111111000011101000000000111111000011101000000000111111000011101000000000111111000011101000000000
111111000011111000000000111111000011111000000000111111000011111000000000111111000011111000000000111111000011111000000000
111111000011101100000000111111000011101100000000111111000011101100000000111111000011101100000000111111000011101100000000
111111000011101110000000111111000011101110000000111111000011101110000000111111000011101110000000111111000011101110000000
111111000011101010000000111111000011101010000000111111000011101010000000111111000011101010000000111111000011101010000000
111111000011111100000000111111000011111100000000111111000011111100000000111111000011111100000000111111000011111100000000
111111000011111110000000111111000011111110000000111111000011111110000000111111000011111110000000111111000011111110000000
111111000011111010000000111111000011111010000000111111000011111010000000111111000011111010000000111111000011111010000000
111111000011011100000000111111000011011100000000111111000011011100000000111111000011011100000000111111000011011100000000
111111000011011110000000111111000011011110000000111111000011011110000000111111000011011110000000111111000011011110000000
111111000011101001000000111111000011101001000000111111000011101001000000111111000011101001000000111111000011101001000000
111111000011111001000000111111000011111001000000111111000011111001000000111111000011111001000000111111000011111001000000
111111000011010111000000111111000011010111000000111111000011010111000000111111000011010111000000111111000011010111000000
111111000011101101000000111111000011101101000000111111000011101101000000111111000011101101000000111111000011101101000000
111111000011101111000000111111000011101111000000111111000011101111000000111111000011101111000000111111000011101111000000
111111000011101011000000111111000011101011000000111111000011101011000000111111000011101011000000111111000011101011000000
