111111010001000000000000000000000000111111010001000000000000000000000000111111010001000000000000000000000000000000000000
111111010001000000000000000000000000111111010001000000000000000000000000111111010001000000000000000000000000000000000000
111111010100000000000000000000000000111111010100000000000000000000000000111111010100000000000000000000000000000000000000
111111101001000000000000000000000000111111101001000000000000000000000000111111101001000000000000000000000000000000000000
111111001101000000000000000000000000111111001101000000000000000000000000111111001101000000000000000000000000000000000000
010001100000000000010001010000000000010001001000000000010001011000000000000000000000000000000000000000000000000000000000
010001100000000000010001010000000000010001001000000000010001011000000000000000000000000000000000000000000000000000000000
010100100000000000010100010000000000010100001000000000010100011000000000000000000000000000000000000000000000000000000000
101001100000000000101001010000000000101001001000000000101001011000000000000000000000000000000000000000000000000000000000
001101100000000000001101010000000000001101001000000000001101011000000000000000000000000000000000000000000000000000000000
110000010001100000000000110000010001010000000000110000010001001000000000110000010001011000000000000000000000000000000000
111100010001100000000000111100010001010000000000111100010001001000000000111100010001011000000000000000000000000000000000
101100010001100000000000101100010001010000000000101100010001001000000000101100010001011000000000000000000000000000000000
110100010001100000000000110100010001010000000000110100010001001000000000110100010001011000000000000000000000000000000000
100110010001100000000000100110010001010000000000100110010001001000000000100110010001011000000000000000000000000000000000
011110010001100000000000011110010001010000000000011110010001001000000000011110010001011000000000000000000000000000000000
101110010001100000000000101110010001010000000000101110010001001000000000101110010001011000000000000000000000000000000000
111000010001100000000000111000010001010000000000111000010001001000000000111000010001011000000000000000000000000000000000
110000010100100000000000110000010100010000000000110000010100001000000000110000010100011000000000000000000000000000000000
111100010100100000000000111100010100010000000001111000101000010000000011110001010001100000000000000000000000000000000000
101100010100100000000000101100010100010000000000101100010100001000000000101100010100011000000000000000000000000000000000
100110010100100000000000100110010100010000000000100110010100001000000000100110010100011000000000000000000000000000000000
011110010100100000000000011110010100010000000000011110010100001000000000011110010100011000000000000000000000000000000000
101110010100100000000000101110010100010000000000101110010100001000000000101110010100011000000000000000000000000000000000
111000010100100000000000111000010100010000000000111000010100001000000000111000010100011000000000000000000000000000000000
110000101001100000000000110000101001010000000000110000101001001000000000110000101001011000000000000000000000000000000000
111100101001100000000000111100101001010000000000111100101001001000000000111100101001011000000000000000000000000000000000
101100101001100000000000101100101001010000000000101100101001001000000000101100101001011000000000000000000000000000000000
110100101001100000000000110100101001010000000000110100101001001000000000110100101001011000000000000000000000000000000000
100110101001100000000000100110101001010000000000100110101001001000000000100110101001011000000000000000000000000000000000
011110101001100000000000011110101001010000000000011110101001001000000000011110101001011000000000000000000000000000000000
101110101001100000000000101110101001010000000000101110101001001000000000101110101001011000000000000000000000000000000000
111000101001100000000000111000101001010000000000111000101001001000000000111000101001011000000000000000000000000000000000
101110001101100000000000101110001101010000000000101110001101001000000000101110001101011000000000000000000000000000000000
111000001101100000000000111000001101010000000000111000001101001000000000111000001101011000000000000000000000000000000000
110000010001010000110000010001000000110000010001010000110000010001000000110000010001010000110000010001000000000000000000
100110010100011000100110010100000000100110010100011000100110010100000000100110010100011000100110010100000000000000000000
010100100000110100101001000000010100100000110100101001000000010100100000110100101001000000010100100000110100101001000000
100110001010011000100110010100011000000000100110001010011000100110010100011000000000000000000000000000000000000000000000
111000010100001000001101010000000000111000010100001000001101010000000000111000010100001000001101010000000000000000000000
101100001010001000010100001000000000101100001010001000010100001000000000101100001010001000010100001000000000000000000000