000010011000000000000000000010011000000000000000000010011000000000000000000010011000000000000000000010011000000000000000
000010000000000000000000000010000000000000000000000010000000000000000000000010000000000000000000000010000000000000000000
000100000000000000000000000100000000000000000000000100000000000000000000000100000000000000000000000100000000000000000000
000011000000000000000000000011000000000000000000000011000000000000000000000011000000000000000000000011000000000000000000
000010001000000000000000000010001000000000000000000010001000000000000000000010001000000000000000000010001000000000000000
000011010000000000000000000011010000000000000000000011010000000000000000000011010000000000000000000011010000000000000000
001001000000000000000000001001000000000000000000001001000000000000000000001001000000000000000000001001000000000000000000
000110000000000000000000000110000000000000000000000110000000000000000000000110000000000000000000000110000000000000000000
000110000000000000000000000110000000000000000000000110000000000000000000000110000000000000000000000110000000000000000000
000110000110000000000000000110000110000000000000000110000110000000000000000110000110000000000000000110000110000000000000
000110000110000000000000000110000110000000000000000110000110000000000000000110000110000000000000000110000110000000000000
000110000110000000000000000110000110000000000000000110000110000000000000000110000110000000000000000110000110000000000000
000110000110000110000110000110000110000110000110000110000110000110000110000110000110000110000110000110000110000110000110
000011001000000000000000000011001000000000000000000011001000000000000000000011001000000000000000000011001000000000000000
000001011000000000000000000001011000000000000000000001011000000000000000000001011000000000000000000001011000000000000000
000011001000000001011000000011001000000001011000000011001000000001011000000011001000000001011000000011001000000001011000
000011011000000000000000000011011000000000000000000011011000000000000000000011011000000000000000000011011000000000000000
000011011000000000000000000011011000000000000000000011011000000000000000000011011000000000000000000011011000000000000000
000011011000000011011000000011011000000011011000000011011000000011011000000011011000000011011000000011011000000011011000
000001001001000000000000000001001001000000000000000001001001000000000000000001001001000000000000000001001001000000000000
000010000010000010000000000010000010000010000000000010000010000010000000000010000010000010000000000010000010000010000000
001001000000000000000000001001000000000000000000001001000000000000000000001001000000000000000000001001000000000000000000
000010001001000000000000000010001001000000000000000010001001000000000000000010001001000000000000000010001001000000000000
001001010000000000000000001001010000000000000000001001010000000000000000001001010000000000000000001001010000000000000000
000010001001001001010000000010001001001001010000000010001001001001010000000010001001001001010000000010001001001001010000
000010001000000000000000000010001000000000000000000010001000000000000000000010001000000000000000000010001000000000000000
000001010000000000000000000001010000000000000000000001010000000000000000000001010000000000000000000001010000000000000000
000010001000000001010000000010001000000001010000000010001000000001010000000010001000000001010000000010001000000001010000
011011001010000000000000011011001010000000000000011011001010000000000000011011001010000000000000011011001010000000000000
000001000000000000000000000001000000000000000000000001000000000000000000000001000000000000000000000001000000000000000000
000011000000000000000000000011000000000000000000000011000000000000000000000011000000000000000000000011000000000000000000
001001000000000000000000001001000000000000000000001001000000000000000000001001000000000000000000001001000000000000000000
000111000000000000000000000111000000000000000000000111000000000000000000000111000000000000000000000111000000000000000000
000101000000000000000000000101000000000000000000000101000000000000000000000101000000000000000000000101000000000000000000