111111110101000000000000000000000000111111110101000000000000000000000000111111110101000000000000000000000000000000000000
111111001110000000000000000000000000111111001110000000000000000000000000111111001110000000000000000000000000000000000000
111111100010000000000000000000000000111111100010000000000000000000000000111111100010000000000000000000000000000000000000
111111110011000000000000000000000000111111110011000000000000000000000000111111110011000000000000000000000000000000000000
110101100000000000110101010000000000110101001000000000110101011000000000000000000000000000000000000000000000000000000000
001110100000000000001110010000000000001110001000000000001110011000000000000000000000000000000000000000000000000000000000
100010100000000000100010010000000000100010001000000000100010011000000000000000000000000000000000000000000000000000000000
110011100000000000110011010000000000110011001000000000110011011000000000000000000000000000000000000000000000000000000000
111000110101001000000000000000000000000000000000000000000000000000000000000000000000000000000000000000000000000000000000
110110110101100000000000110110110101010000000000110110110101001000000000110110110101011000000000000000000000000000000000
101000110101100000000000101000110101010000000000101000110101001000000000101000110101011000000000000000000000000000000000
110010110101100000000000110010110101010000000000110010110101011000000000000000000000000000000000000000000000000000000000
110000001110100000000000110000001110001000000000110000001110011000000000000000000000000000000000000000000000000000000000
111100001110100000000000111100001110010000000000111100001110001000000000111100001110011000000000000000000000000000000000
101100001110100000000000101100001110010000000000101100001110001000000000101100001110011000000000000000000000000000000000
100110001110100000000000100110001110001000000000100110001110011000000000000000000000000000000000000000000000000000000000
011110001110100000000000011110001110010000000000011110001110001000000000011110001110011000000000000000000000000000000000
101110001110001000000000101110001110011000000000000000000000000000000000000000000000000000000000000000000000000000000000
111000001110100000000000111000001110010000000000111000001110001000000000111000001110011000000000000000000000000000000000
110110001110100000000000110110001110010000000000110110001110001000000000110110001110011000000000000000000000000000000000
101000001110100000000000101000001110010000000000101000001110001000000000101000001110011000000000000000000000000000000000
110010001110100000000000110010001110010000000000110010001110001000000000110010001110011000000000000000000000000000000000
110000100010100000000000110000100010010000000000110000100010001000000000110000100010011000000000000000000000000000000000
111100100010100000000000111100100010001000000000111100100010011000000000000000000000000000000000000000000000000000000000
101100100010100000000000101100100010011000000000000000000000000000000000000000000000000000000000000000000000000000000000
100110100010100000000000100110100010010000000000000000000000000000000000000000000000000000000000000000000000000000000000
011110100010100000000000011110100010001000000000011110100010011000000000000000000000000000000000000000000000000000000000
101110100010100000000000101110100010010000000000101110100010011000000000000000000000000000000000000000000000000000000000
111000100010100000000000111000100010001000000000111000100010011000000000000000000000000000000000000000000000000000000000
110110100010100000000000110110100010010000000000110110100010001000000000110110100010011000000000000000000000000000000000
101000100010100000000000101000100010010000000000101000100010001000000000101000100010011000000000000000000000000000000000
110010100010100000000000110010100010010000000000110010100010001000000000110010100010011000000000000000000000000000000000
100110110011100000000000000000000000000000000000000000000000000000000000000000000000000000000000000000000000000000000000
101110110011100000000000101110110011010000000000101110110011001000000000101110110011011000000000000000000000000000000000
111000110011100000000000111000110011010000000000011100011001100100000000011100011001101100000000000000000000000000000000
110110110011100000000000110110110011001000000000110110110011011000000000000000000000000000000000000000000000000000000000
101000110011100000000000101000110011010000000000101000110011001000000000000000000000000000000000000000000000000000000000
110010110011100000000000110010110011001000000000110010110011011000000000000000000000000000000000000000000000000000000000
100011111011001000110000001110001000000000000000000000000000000000000000000000000000000000000000000000000000000000000000
111100010100010000110010100010010000000000000000000000000000000000000000000000000000000000000000000000000000000000000000
010100100000110110110101011000000000000000000000000000000000000000000000000000000000000000000000000000000000000000000000
110110110011001000100100010101011000000000000000000000000000000000000000000000000000000000000000000000000000000000000000
101000100010010000101011000000000000000000000000000000000000000000000000000000000000000000000000000000000000000000000000
111000001010011000110110001110100000000000000000000000000000000000000000000000000000000000000000000000000000000000000000
110010101001010000100110100010010000000000110100011101100000000000000000000000000000000000000000000000000000000000000000
110010001110001000101110001110001000000000110110001110011000000000000000000000000000000000000000000000000000000000000000
110010001110001000110110111011001000000000011110001110011000000000000000000000000000000000000000000000000000000000000000
110101100000101011000000110011010000000000000000000000000000000000000000000000000000000000000000000000000000000000000000
100110010101011000100011101001001000000000011110001110010000000000000000000000000000000000000000000000000000000000000000